method 1
1 0.11
1 0.09
1 0.09
1 0.09
1 0.09
1 0.09
1 0.09
1 0.09
1 0.09
1 0.09
2 0.09
2 0.09
2 0.09
2 0.09
2 0.11
2 0.09
2 0.09
2 0.09
2 0.09
2 0.09
4 0.09
4 0.10
4 0.09
4 0.09
4 0.09
4 0.09
4 0.09
4 0.09
4 0.09
4 0.09
8 0.09
8 0.09
8 0.09
8 0.09
8 0.09
8 0.09
8 0.09
8 0.09
8 0.09
8 0.09
16 0.10
16 0.09
16 0.09
16 0.09
16 0.09
16 0.09
16 0.09
16 0.09
16 0.09
16 0.09
method 2
1 0.09
1 0.09
1 0.09
1 0.09
1 0.09
1 0.09
1 0.09
1 0.09
1 0.09
1 0.09
2 0.05
2 0.05
2 0.05
2 0.04
2 0.05
2 0.05
2 0.05
2 0.05
2 0.05
2 0.05
4 0.02
4 0.02
4 0.03
4 0.02
4 0.02
4 0.02
4 0.02
4 0.02
4 0.04
4 0.02
8 0.02
8 0.01
8 0.02
8 0.01
8 0.02
8 0.02
8 0.02
8 0.02
8 0.01
8 0.02
16 0.02
16 0.02
16 0.02
16 0.02
16 0.02
16 0.02
16 0.02
16 0.02
16 0.02
16 0.02
method 3
1 0.09
1 0.11
1 0.09
1 0.09
1 0.09
1 0.09
1 0.09
1 0.09
1 0.09
1 0.09
2 0.09
2 0.09
2 0.09
2 0.09
2 0.09
2 0.09
2 0.09
2 0.09
2 0.09
2 0.09
4 0.09
4 0.09
4 0.09
4 0.09
4 0.09
4 0.09
4 0.09
4 0.09
4 0.09
4 0.09
8 0.09
8 0.09
8 0.09
8 0.09
8 0.09
8 0.09
8 0.09
8 0.09
8 0.09
8 0.09
16 0.09
16 0.09
16 0.09
16 0.09
16 0.09
16 0.09
16 0.09
16 0.09
16 0.09
16 0.09
method 4
1 0.11
1 0.09
1 0.09
1 0.09
1 0.09
1 0.09
1 0.09
1 0.09
1 0.09
1 0.12
2 0.09
2 0.09
2 0.11
2 0.09
2 0.09
2 0.09
2 0.09
2 0.09
2 0.09
2 0.09
4 0.09
4 0.09
4 0.09
4 0.09
4 0.09
4 0.09
4 0.09
4 0.09
4 0.09
4 0.09
8 0.09
8 0.09
8 0.09
8 0.09
8 0.09
8 0.09
8 0.09
8 0.09
8 0.09
8 0.09
16 0.09
16 0.09
16 0.09
16 0.09
16 0.09
16 0.09
16 0.09
16 0.09
16 0.09
16 0.09
method 5
1 0.11
1 0.11
1 0.11
1 0.11
1 0.11
1 0.11
1 0.11
1 0.11
1 0.11
1 0.11
2 0.12
2 0.12
2 0.12
2 0.13
2 0.12
2 0.13
2 0.14
2 0.12
2 0.13
2 0.13
4 0.07
4 0.07
4 0.07
4 0.07
4 0.07
4 0.07
4 0.07
4 0.07
4 0.07
4 0.07
8 0.05
8 0.05
8 0.05
8 0.05
8 0.05
8 0.05
8 0.05
8 0.05
8 0.05
8 0.05
16 0.03
16 0.03
16 0.03
16 0.03
16 0.03
16 0.03
16 0.03
16 0.03
16 0.03
16 0.03
