method 1
4 0.04
4 0.05
4 0.05
4 0.05
4 0.05
4 0.05
4 0.05
4 0.05
4 0.05
4 0.05
1 0.05
1 0.05
1 0.05
1 0.05
1 0.05
1 0.05
1 0.05
1 0.05
1 0.05
1 0.05
2 0.05
2 0.05
2 0.05
2 0.05
2 0.05
2 0.05
2 0.05
2 0.05
2 0.05
2 0.05
3 0.05
3 0.05
3 0.05
3 0.05
3 0.05
3 0.05
3 0.05
3 0.05
3 0.05
3 0.05
method 2
4 0.05
4 0.05
4 0.05
4 0.05
4 0.05
4 0.05
4 0.05
4 0.05
4 0.05
4 0.05
1 0.05
1 0.05
1 0.05
1 0.05
1 0.05
1 0.05
1 0.05
1 0.05
1 0.05
1 0.05
2 0.05
2 0.05
2 0.05
2 0.05
2 0.05
2 0.05
2 0.05
2 0.05
2 0.05
2 0.05
3 0.05
3 0.05
3 0.05
3 0.05
3 0.05
3 0.05
3 0.05
3 0.05
3 0.05
3 0.05
method 3
4 0.05
4 0.05
4 0.05
4 0.05
4 0.05
4 0.05
4 0.05
4 0.05
4 0.05
4 0.05
1 0.05
1 0.05
1 0.05
1 0.05
1 0.05
1 0.05
1 0.05
1 0.05
1 0.05
1 0.05
2 0.05
2 0.05
2 0.05
2 0.05
2 0.05
2 0.05
2 0.05
2 0.05
2 0.05
2 0.05
3 0.05
3 0.05
3 0.05
3 0.05
3 0.05
3 0.05
3 0.05
3 0.05
3 0.05
3 0.05
method 4
4 0.05
4 0.05
4 0.05
4 0.05
4 0.05
4 0.05
4 0.05
4 0.05
4 0.05
4 0.05
1 0.05
1 0.05
1 0.05
1 0.05
1 0.05
1 0.05
1 0.05
1 0.05
1 0.05
1 0.05
2 0.05
2 0.05
2 0.05
2 0.05
2 0.05
2 0.05
2 0.05
2 0.05
2 0.05
2 0.05
3 0.05
3 0.05
3 0.05
3 0.05
3 0.05
3 0.05
3 0.05
3 0.05
3 0.05
3 0.05
method 5
4 0.05
4 0.05
4 0.05
4 0.05
4 0.05
4 0.05
4 0.05
4 0.05
4 0.05
4 0.05
1 0.05
1 0.05
1 0.05
1 0.05
1 0.05
1 0.05
1 0.05
1 0.05
1 0.05
1 0.05
2 0.05
2 0.05
2 0.05
2 0.05
2 0.05
2 0.05
2 0.05
2 0.05
2 0.05
2 0.05
3 0.05
3 0.05
3 0.05
3 0.05
3 0.05
3 0.05
3 0.05
3 0.05
3 0.05
3 0.05
