thread 1
1 0.11
1 0.11
1 0.11
1 0.11
1 0.11
1 0.11
1 0.11
1 0.11
1 0.11
1 0.11
2 0.11
2 0.11
2 0.11
2 0.12
2 0.11
2 0.11
2 0.11
2 0.10
2 0.10
2 0.10
4 0.10
4 0.10
4 0.10
4 0.10
4 0.10
4 0.10
4 0.10
4 0.10
4 0.10
4 0.10
8 0.10
8 0.10
8 0.10
8 0.10
8 0.10
8 0.10
8 0.10
8 0.10
8 0.10
8 0.10
16 0.11
16 0.11
16 0.11
16 0.10
16 0.11
16 0.11
16 0.11
16 0.10
16 0.11
16 0.11
32 0.12
32 0.12
32 0.12
32 0.12
32 0.12
32 0.12
32 0.12
32 0.12
32 0.12
32 0.12
thread 2
1 0.24
1 0.27
1 0.27
1 0.26
1 0.26
1 0.25
1 0.27
1 0.27
1 0.28
1 0.24
2 0.12
2 0.13
2 0.13
2 0.13
2 0.12
2 0.13
2 0.11
2 0.13
2 0.12
2 0.12
4 0.09
4 0.08
4 0.08
4 0.08
4 0.09
4 0.08
4 0.08
4 0.08
4 0.09
4 0.08
8 0.07
8 0.07
8 0.07
8 0.07
8 0.07
8 0.07
8 0.07
8 0.07
8 0.07
8 0.07
16 0.07
16 0.07
16 0.07
16 0.07
16 0.07
16 0.07
16 0.07
16 0.07
16 0.07
16 0.07
32 0.07
32 0.07
32 0.07
32 0.07
32 0.07
32 0.07
32 0.07
32 0.07
32 0.07
32 0.07
thread 4
1 0.27
1 0.26
1 0.26
1 0.26
1 0.26
1 0.26
1 0.24
1 0.25
1 0.25
1 0.26
2 0.13
2 0.13
2 0.13
2 0.14
2 0.13
2 0.14
2 0.13
2 0.14
2 0.14
2 0.14
4 0.07
4 0.07
4 0.07
4 0.07
4 0.07
4 0.07
4 0.07
4 0.07
4 0.07
4 0.07
8 0.05
8 0.05
8 0.05
8 0.05
8 0.05
8 0.05
8 0.05
8 0.05
8 0.05
8 0.05
16 0.04
16 0.04
16 0.04
16 0.04
16 0.04
16 0.04
16 0.04
16 0.04
16 0.04
16 0.04
32 0.04
32 0.04
32 0.04
32 0.04
32 0.04
32 0.05
32 0.04
32 0.04
32 0.04
32 0.04
thread 8
1 0.29
1 0.29
1 0.28
1 0.29
1 0.28
1 0.29
1 0.29
1 0.29
1 0.29
1 0.29
2 0.16
2 0.16
2 0.16
2 0.16
2 0.16
2 0.16
2 0.16
2 0.16
2 0.16
2 0.16
4 0.08
4 0.08
4 0.09
4 0.08
4 0.08
4 0.08
4 0.09
4 0.08
4 0.09
4 0.08
8 0.05
8 0.05
8 0.05
8 0.05
8 0.05
8 0.05
8 0.05
8 0.05
8 0.05
8 0.05
16 0.03
16 0.03
16 0.03
16 0.03
16 0.03
16 0.03
16 0.03
16 0.03
16 0.03
16 0.03
32 0.02
32 0.02
32 0.02
32 0.02
32 0.02
32 0.02
32 0.02
32 0.02
32 0.02
32 0.02
thread 16
1 0.28
1 0.28
1 0.29
1 0.28
1 0.29
1 0.28
1 0.29
1 0.28
1 0.28
1 0.28
2 0.16
2 0.15
2 0.15
2 0.15
2 0.15
2 0.15
2 0.15
2 0.15
2 0.15
2 0.15
4 0.08
4 0.08
4 0.08
4 0.08
4 0.08
4 0.08
4 0.08
4 0.08
4 0.08
4 0.08
8 0.05
8 0.05
8 0.05
8 0.05
8 0.05
8 0.05
8 0.05
8 0.05
8 0.05
8 0.05
16 0.03
16 0.03
16 0.03
16 0.03
16 0.03
16 0.03
16 0.03
16 0.03
16 0.03
16 0.03
32 0.02
32 0.02
32 0.02
32 0.02
32 0.02
32 0.02
32 0.02
32 0.02
32 0.02
32 0.02
