method 1
1 0.09
1 0.09
1 0.09
1 0.09
1 0.10
1 0.09
1 0.09
1 0.09
1 0.09
1 0.09
2 0.09
2 0.09
2 0.09
2 0.09
2 0.09
2 0.09
2 0.09
2 0.09
2 0.09
2 0.09
4 0.09
4 0.09
4 0.09
4 0.09
4 0.09
4 0.09
4 0.09
4 0.11
4 0.09
4 0.09
8 0.09
8 0.09
8 0.09
8 0.09
8 0.09
8 0.09
8 0.09
8 0.09
8 0.09
8 0.09
16 0.09
16 0.09
16 0.09
16 0.09
16 0.09
16 0.09
16 0.09
16 0.09
16 0.09
16 0.09
method 2
1 0.09
1 0.09
1 0.09
1 0.09
1 0.09
1 0.09
1 0.09
1 0.09
1 0.09
1 0.09
2 0.04
2 0.05
2 0.05
2 0.05
2 0.05
2 0.04
2 0.04
2 0.04
2 0.05
2 0.04
4 0.02
4 0.02
4 0.02
4 0.02
4 0.02
4 0.02
4 0.02
4 0.02
4 0.02
4 0.02
8 0.02
8 0.02
8 0.02
8 0.02
8 0.01
8 0.01
8 0.01
8 0.02
8 0.05
8 0.05
16 0.03
16 0.03
16 0.04
16 0.04
16 0.04
16 0.04
16 0.03
16 0.04
16 0.04
16 0.04
method 3
1 0.13
1 0.09
1 0.09
1 0.09
1 0.09
1 0.09
1 0.09
1 0.09
1 0.09
1 0.09
2 0.09
2 0.09
2 0.09
2 0.09
2 0.09
2 0.09
2 0.09
2 0.09
2 0.09
2 0.09
4 0.09
4 0.09
4 0.11
4 0.09
4 0.09
4 0.09
4 0.09
4 0.09
4 0.09
4 0.09
8 0.09
8 0.09
8 0.09
8 0.09
8 0.09
8 0.09
8 0.09
8 0.09
8 0.09
8 0.09
16 0.09
16 0.09
16 0.09
16 0.09
16 0.09
16 0.09
16 0.09
16 0.09
16 0.09
16 0.09
method 4
1 0.09
1 0.09
1 0.09
1 0.09
1 0.09
1 0.09
1 0.09
1 0.09
1 0.09
1 0.09
2 0.09
2 0.09
2 0.11
2 0.09
2 0.09
2 0.09
2 0.09
2 0.09
2 0.09
2 0.09
4 0.09
4 0.09
4 0.09
4 0.09
4 0.09
4 0.09
4 0.09
4 0.09
4 0.09
4 0.09
8 0.09
8 0.09
8 0.09
8 0.09
8 0.09
8 0.09
8 0.09
8 0.09
8 0.09
8 0.09
16 0.09
16 0.09
16 0.09
16 0.09
16 0.09
16 0.09
16 0.09
16 0.09
16 0.09
16 0.09
method 5
1 0.11
1 0.11
1 0.11
1 0.11
1 0.11
1 0.11
1 0.11
1 0.11
1 0.11
1 0.11
2 0.13
2 0.13
2 0.12
2 0.13
2 0.12
2 0.12
2 0.13
2 0.13
2 0.13
2 0.12
4 0.07
4 0.07
4 0.07
4 0.07
4 0.07
4 0.07
4 0.07
4 0.07
4 0.07
4 0.07
8 0.05
8 0.05
8 0.05
8 0.05
8 0.05
8 0.05
8 0.05
8 0.05
8 0.05
8 0.05
16 0.03
16 0.03
16 0.03
16 0.03
16 0.03
16 0.03
16 0.03
16 0.03
16 0.03
16 0.03
